479922
452336
436588
480426
471298
474398
472281
436246
415784
474294
470171
474193
423710
470173
430250
422995
415788
474295
421962
474970
460704
418120
461376
474303
451092
477896
453246
461905
474268
473196
433614
470974
487906
460656
462102
444894
461902
470601
470602
436178
419274
444073
475866
472194
477434
468232
471112
437193
463230
451979
471111
470603
464858
470445
448450
448390
460293
434956
460339
470594
464857
471113
467972
454351
460368
454430
452089
468208
468234
453964
454347
447452
454523
454587
482228
464937
473455
454602
453250
453766
453249
470447
464940
451981
433060
448463
455747
460424
463826
479952
417735
477765
463818
477746
432419
454646
463716
464944
477715
464849
477752
454615
442743
454616
424308
441796
451101
481359
481358
